COO7 -1932508.9132 4642707.8626 3912022.3598
CO10 -1934969.7618 4651269.9221 3900146.9980
C011 -1938738.0437 4649861.1649 3900295.8395
C016 -1917975.9516 4667660.2070 3889979.6160
C021 -1920246.3841 4673044.0333 3882274.1612
1025 -1946653.8729 4662404.9628 3880905.8876
C015 -1946455.6610 4650771.2987 3895854.2028
C014 -1925685.2927 4657131.2397 3897742.9217
COO9 -1931037.7231 4647348.4109 3906717.4586
C022 -1941750.6735 4667228.5973 3877569.5685
C012 -1946665.7576 4647101.7823 3900396.7068
COO8 -1925701.2566 4648542.9677 3907822.6394